3 0.6937499999999999 0.312594 0.0575 0.118441
0 0.715833 0.698651 0.18333300000000002 0.452774
2 0.7212499999999998 0.633433 0.059167 0.031484
2 0.42625 0.6124439999999999 0.0575 0.037481
2 0.1825 0.56072 0.061667 0.023988
2 0.03125 0.55997 0.060833 0.031484
0 0.188333 0.6236879999999999 0.136667 0.368816
0 0.4175 0.6889059999999999 0.131667 0.388306
0 0.057917 0.623688 0.114167 0.395802
1 0.049167 0.290105 0.041667 0.10045
3 0.19166699999999998 0.293853 0.048333 0.122939
1 0.396667 0.31784100000000004 0.041667 0.10794600000000001
